Bias (V)	ADC0-I (V) avg.	ADC0-I (V) [1]	ADC0-I (V) [2]	ADC0-I (V) [3]	ADC0-I (V) [4]	ADC0-I (V) [5]	
-1.999880	-0.064638	-0.065310	-0.065615	-0.063784	-0.063478	-0.065004	
-1.986540	-0.062929	-0.061953	-0.065310	-0.062563	-0.061342	-0.063478	
-1.973210	-0.061220	-0.060121	-0.064089	-0.060732	-0.060732	-0.060427	
-1.959880	-0.059084	-0.058290	-0.061647	-0.058290	-0.060121	-0.057070	
-1.946550	-0.056825	-0.056764	-0.058290	-0.056154	-0.058290	-0.054628	
-1.933210	-0.055238	-0.055544	-0.056459	-0.054323	-0.055544	-0.054323	
-1.919880	-0.054018	-0.054018	-0.055239	-0.053102	-0.053713	-0.054018	
-1.906550	-0.052248	-0.052187	-0.053102	-0.051576	-0.051881	-0.052492	
-1.893210	-0.050050	-0.050356	-0.051271	-0.049135	-0.050356	-0.049135	
-1.879880	-0.047975	-0.049440	-0.048830	-0.047609	-0.048524	-0.045473	
-1.866550	-0.046083	-0.047304	-0.046693	-0.045778	-0.046388	-0.044252	
-1.853210	-0.044801	-0.045473	-0.045473	-0.044252	-0.044862	-0.043947	
-1.839880	-0.043092	-0.043031	-0.044252	-0.042115	-0.043336	-0.042726	
-1.826550	-0.041261	-0.041505	-0.043031	-0.039979	-0.041505	-0.040284	
-1.813210	-0.039796	-0.040590	-0.040284	-0.040590	-0.039979	-0.037538	
-1.799880	-0.037782	-0.038453	-0.038148	-0.038453	-0.038148	-0.035707	
-1.786550	-0.036439	-0.037233	-0.036622	-0.036622	-0.036622	-0.035096	
-1.773210	-0.035218	-0.035707	-0.036012	-0.036012	-0.034791	-0.033570	
-1.759880	-0.033631	-0.033875	-0.034486	-0.034181	-0.033875	-0.031739	
-1.746550	-0.032167	-0.032350	-0.033265	-0.032655	-0.032655	-0.029908	
-1.733220	-0.030641	-0.031129	-0.031129	-0.031129	-0.031129	-0.028687	
-1.719880	-0.029664	-0.030519	-0.029908	-0.030213	-0.029908	-0.027772	
-1.706550	-0.028687	-0.029298	-0.028993	-0.029298	-0.028382	-0.027467	
-1.693220	-0.027650	-0.027467	-0.028382	-0.028077	-0.027467	-0.026856	
-1.679880	-0.026673	-0.026551	-0.027772	-0.027161	-0.026551	-0.025330	
-1.666550	-0.025513	-0.025941	-0.026246	-0.025635	-0.025635	-0.024110	
-1.653220	-0.024720	-0.025025	-0.024720	-0.025025	-0.025025	-0.023804	
-1.639880	-0.024232	-0.024415	-0.023804	-0.024720	-0.024415	-0.023804	
-1.626550	-0.024110	-0.023804	-0.023804	-0.024720	-0.024110	-0.024110	
-1.613220	-0.023560	-0.023499	-0.023804	-0.024415	-0.023194	-0.022889	
-1.599880	-0.022828	-0.022584	-0.022889	-0.024110	-0.023194	-0.021363	
-1.586550	-0.022340	-0.022584	-0.022279	-0.023194	-0.022584	-0.021058	
-1.573220	-0.021851	-0.021973	-0.021668	-0.022279	-0.021973	-0.021363	
-1.559890	-0.021546	-0.021668	-0.021363	-0.021668	-0.021363	-0.021668	
-1.546550	-0.021241	-0.021363	-0.021363	-0.021363	-0.021058	-0.021058	
-1.533220	-0.020692	-0.020753	-0.020753	-0.021363	-0.020447	-0.020142	
-1.519890	-0.020447	-0.020447	-0.020142	-0.021668	-0.020447	-0.019532	
-1.506550	-0.020203	-0.020142	-0.019837	-0.021363	-0.020142	-0.019532	
-1.493220	-0.020081	-0.019837	-0.019837	-0.021058	-0.019837	-0.019837	
-1.479890	-0.019776	-0.019837	-0.019227	-0.020753	-0.019227	-0.019837	
-1.466550	-0.019471	-0.019532	-0.019227	-0.020447	-0.018922	-0.019227	
-1.453220	-0.019044	-0.018922	-0.018616	-0.020142	-0.018922	-0.018616	
-1.439890	-0.018738	-0.018616	-0.018311	-0.019837	-0.018616	-0.018311	
-1.426550	-0.018616	-0.018616	-0.018311	-0.019837	-0.017701	-0.018616	
-1.413220	-0.018616	-0.018616	-0.018311	-0.019227	-0.018006	-0.018922	
-1.399890	-0.018189	-0.018311	-0.018006	-0.018616	-0.017701	-0.018311	
-1.386550	-0.018006	-0.018006	-0.017701	-0.018922	-0.017701	-0.017701	
-1.373220	-0.017884	-0.018006	-0.017396	-0.018922	-0.017701	-0.017396	
-1.359890	-0.017762	-0.017701	-0.017090	-0.018922	-0.017396	-0.017701	
-1.346560	-0.017579	-0.017396	-0.017090	-0.018311	-0.017090	-0.018006	
-1.333220	-0.017579	-0.017396	-0.017090	-0.018311	-0.017090	-0.018006	
-1.319890	-0.017151	-0.017396	-0.016785	-0.017396	-0.016785	-0.017396	
-1.306560	-0.016968	-0.017396	-0.016785	-0.017396	-0.016785	-0.016480	
-1.293220	-0.016724	-0.017090	-0.016480	-0.017090	-0.016480	-0.016480	
-1.279890	-0.016663	-0.017090	-0.016480	-0.016785	-0.016175	-0.016785	
-1.266560	-0.016541	-0.016480	-0.016175	-0.017090	-0.016175	-0.016785	
-1.253220	-0.016297	-0.016480	-0.016175	-0.016175	-0.016175	-0.016480	
-1.239890	-0.016114	-0.016480	-0.016175	-0.016175	-0.015870	-0.015870	
-1.226560	-0.015870	-0.015870	-0.015870	-0.016480	-0.015870	-0.015259	
-1.213220	-0.015748	-0.015259	-0.015564	-0.016175	-0.015870	-0.015870	
-1.199890	-0.015809	-0.015259	-0.015259	-0.016480	-0.015870	-0.016175	
-1.186560	-0.015503	-0.014954	-0.015259	-0.015870	-0.015259	-0.016175	
-1.173220	-0.015076	-0.014954	-0.014954	-0.015259	-0.014954	-0.015259	
-1.159890	-0.014710	-0.014649	-0.014649	-0.014954	-0.014649	-0.014649	
-1.146560	-0.014588	-0.014344	-0.014649	-0.014344	-0.014649	-0.014954	
-1.133230	-0.014527	-0.014039	-0.014344	-0.014649	-0.014344	-0.015259	
-1.119890	-0.014344	-0.014039	-0.014344	-0.014344	-0.014039	-0.014954	
-1.106560	-0.014161	-0.014039	-0.014039	-0.014039	-0.014039	-0.014649	
-1.093230	-0.013916	-0.013733	-0.014039	-0.014039	-0.013733	-0.014039	
-1.079890	-0.013672	-0.013123	-0.013733	-0.014039	-0.013428	-0.014039	
-1.066560	-0.013550	-0.013123	-0.013733	-0.013428	-0.013428	-0.014039	
-1.053230	-0.013245	-0.012818	-0.013428	-0.012818	-0.013123	-0.014039	
-1.039890	-0.013123	-0.012818	-0.013428	-0.012818	-0.012818	-0.013733	
-1.026560	-0.012818	-0.012818	-0.012818	-0.012818	-0.012513	-0.013123	
-1.013230	-0.012513	-0.012207	-0.012513	-0.012513	-0.012513	-0.012818	
-0.999894	-0.012391	-0.011902	-0.012207	-0.012513	-0.012513	-0.012818	
-0.986561	-0.012085	-0.011902	-0.011902	-0.011902	-0.011902	-0.012818	
-0.973228	-0.011841	-0.011902	-0.011597	-0.011597	-0.011597	-0.012513	
-0.959895	-0.011536	-0.011597	-0.011597	-0.011292	-0.011292	-0.011902	
-0.946562	-0.011170	-0.010987	-0.011292	-0.010987	-0.010987	-0.011597	
-0.933229	-0.010926	-0.010681	-0.010987	-0.010681	-0.010987	-0.011292	
-0.919895	-0.010804	-0.010681	-0.010681	-0.010681	-0.010681	-0.011292	
-0.906562	-0.010559	-0.010376	-0.010376	-0.010376	-0.010376	-0.011292	
-0.893229	-0.010132	-0.010071	-0.010071	-0.010071	-0.009766	-0.010681	
-0.879896	-0.009827	-0.009766	-0.009766	-0.009766	-0.009766	-0.010071	
-0.866563	-0.009583	-0.009156	-0.009766	-0.009461	-0.009766	-0.009766	
-0.853230	-0.009278	-0.008850	-0.009156	-0.009156	-0.009461	-0.009766	
-0.839897	-0.008911	-0.008545	-0.008850	-0.008850	-0.008850	-0.009461	
-0.826564	-0.008484	-0.008545	-0.008240	-0.008240	-0.008545	-0.008850	
-0.813230	-0.008179	-0.008240	-0.008240	-0.007935	-0.008240	-0.008240	
-0.799897	-0.007691	-0.007630	-0.007630	-0.007630	-0.007935	-0.007630	
-0.786564	-0.007385	-0.007324	-0.007324	-0.007324	-0.007630	-0.007324	
-0.773231	-0.007141	-0.007019	-0.007019	-0.007019	-0.007324	-0.007324	
-0.759898	-0.006714	-0.006714	-0.006714	-0.006714	-0.006714	-0.006714	
-0.746565	-0.006226	-0.006409	-0.006104	-0.006409	-0.006104	-0.006104	
-0.733232	-0.005921	-0.006104	-0.005799	-0.005799	-0.006104	-0.005799	
-0.719899	-0.005615	-0.005493	-0.005799	-0.005493	-0.005799	-0.005493	
-0.706566	-0.005371	-0.005188	-0.005493	-0.005188	-0.005493	-0.005493	
-0.693232	-0.005005	-0.005188	-0.004883	-0.004883	-0.005188	-0.004883	
-0.679899	-0.004639	-0.004578	-0.004578	-0.004578	-0.004883	-0.004578	
-0.666566	-0.004517	-0.004578	-0.004578	-0.004578	-0.004578	-0.004273	
-0.653233	-0.004151	-0.003967	-0.004273	-0.004273	-0.004273	-0.003967	
-0.639900	-0.003906	-0.003662	-0.003967	-0.003967	-0.003967	-0.003967	
-0.626567	-0.003601	-0.003357	-0.003662	-0.003662	-0.003662	-0.003662	
-0.613234	-0.003296	-0.003052	-0.003357	-0.003357	-0.003357	-0.003357	
-0.599901	-0.003052	-0.003052	-0.003052	-0.003052	-0.003052	-0.003052	
-0.586567	-0.002686	-0.002441	-0.002747	-0.002747	-0.002747	-0.002747	
-0.573234	-0.002503	-0.002441	-0.002441	-0.002441	-0.002747	-0.002441	
-0.559901	-0.002136	-0.002136	-0.002136	-0.002136	-0.002136	-0.002136	
-0.546568	-0.001892	-0.001831	-0.001831	-0.001831	-0.001831	-0.002136	
-0.533235	-0.001709	-0.001831	-0.001526	-0.001526	-0.001831	-0.001831	
-0.519902	-0.001526	-0.001526	-0.001526	-0.001526	-0.001526	-0.001526	
-0.506569	-0.001221	-0.001221	-0.001221	-0.001221	-0.001221	-0.001221	
-0.493236	-0.000977	-0.000916	-0.000916	-0.000916	-0.001221	-0.000916	
-0.479903	-0.000855	-0.000610	-0.000916	-0.000916	-0.000916	-0.000916	
-0.466569	-0.000610	-0.000610	-0.000610	-0.000610	-0.000610	-0.000610	
-0.453236	-0.000366	-0.000305	-0.000610	-0.000305	-0.000305	-0.000305	
-0.439903	-0.000183	0.000000	-0.000305	-0.000305	-0.000305	0.000000	
-0.426570	0.000000	0.000000	0.000000	0.000000	0.000000	0.000000	
-0.413237	0.000000	0.000000	0.000000	0.000000	0.000000	0.000000	
-0.399904	0.000000	0.000000	0.000000	0.000000	0.000000	0.000000	
-0.386571	0.000000	0.000000	0.000000	0.000000	0.000000	0.000000	
-0.373238	0.000305	0.000305	0.000305	0.000305	0.000305	0.000305	
-0.359905	0.000305	0.000305	0.000305	0.000305	0.000305	0.000305	
-0.346571	0.000305	0.000305	0.000305	0.000305	0.000305	0.000305	
-0.333238	0.000549	0.000610	0.000610	0.000610	0.000305	0.000610	
-0.319905	0.000610	0.000610	0.000610	0.000610	0.000610	0.000610	
-0.306572	0.000610	0.000610	0.000610	0.000610	0.000610	0.000610	
-0.293239	0.000610	0.000610	0.000610	0.000610	0.000610	0.000610	
-0.279906	0.000610	0.000610	0.000610	0.000610	0.000610	0.000610	
-0.266573	0.000732	0.000610	0.000610	0.000916	0.000610	0.000916	
-0.253240	0.000916	0.000916	0.000916	0.000916	0.000916	0.000916	
-0.239906	0.000916	0.000916	0.000916	0.000916	0.000916	0.000916	
-0.226573	0.000916	0.000916	0.000916	0.000916	0.000916	0.000916	
-0.213240	0.000916	0.000916	0.000916	0.000916	0.000916	0.000916	
-0.199907	0.000916	0.000916	0.000916	0.000916	0.000916	0.000916	
-0.186574	0.000916	0.000916	0.000916	0.000916	0.000916	0.000916	
-0.173241	0.000916	0.000916	0.000916	0.000916	0.000916	0.000916	
-0.159908	0.000916	0.000916	0.000916	0.000916	0.000916	0.000916	
-0.146575	0.000916	0.000916	0.000916	0.000916	0.000916	0.000916	
-0.133242	0.000916	0.000916	0.000916	0.000916	0.000916	0.000916	
-0.119908	0.000916	0.000916	0.000916	0.000916	0.000916	0.000916	
-0.106575	0.000916	0.000916	0.000916	0.000916	0.000916	0.000916	
-0.093242	0.000977	0.000916	0.000916	0.000916	0.001221	0.000916	
-0.079909	0.001099	0.001221	0.000916	0.000916	0.001221	0.001221	
-0.066576	0.001160	0.000916	0.001221	0.001221	0.001221	0.001221	
-0.053243	0.001160	0.001221	0.000916	0.001221	0.001221	0.001221	
-0.039910	0.001221	0.001221	0.001221	0.001221	0.001221	0.001221	
-0.026577	0.001099	0.001221	0.001221	0.000916	0.000916	0.001221	
-0.013244	0.001160	0.000916	0.001221	0.001221	0.001221	0.001221	
0.000090	0.001221	0.001221	0.001221	0.001221	0.001221	0.001221	
0.013423	0.001160	0.001221	0.001221	0.000916	0.001221	0.001221	
0.026756	0.001221	0.001221	0.001221	0.001221	0.001221	0.001221	
0.040089	0.001221	0.001221	0.001221	0.001221	0.001221	0.001221	
0.053422	0.001221	0.001221	0.001221	0.001221	0.001221	0.001221	
0.066755	0.001160	0.001221	0.000916	0.001221	0.001221	0.001221	
0.080088	0.001221	0.001221	0.001221	0.001221	0.001221	0.001221	
0.093421	0.001221	0.001221	0.001221	0.001221	0.001221	0.001221	
0.106755	0.001221	0.001221	0.001221	0.001221	0.001221	0.001221	
0.120088	0.001221	0.001221	0.001221	0.001221	0.001221	0.001221	
0.133421	0.001221	0.001221	0.001221	0.001221	0.001221	0.001221	
0.146754	0.001221	0.001221	0.001221	0.001221	0.001221	0.001221	
0.160087	0.001221	0.001221	0.001221	0.001221	0.001221	0.001221	
0.173420	0.001221	0.001221	0.001221	0.001221	0.001221	0.001221	
0.186753	0.001221	0.001221	0.001221	0.001221	0.001221	0.001221	
0.200086	0.001221	0.001221	0.001221	0.001221	0.001221	0.001221	
0.213419	0.001221	0.001221	0.001221	0.001221	0.001221	0.001221	
0.226753	0.001221	0.001221	0.001221	0.001221	0.001221	0.001221	
0.240086	0.001404	0.001526	0.001221	0.001526	0.001526	0.001221	
0.253419	0.001526	0.001526	0.001526	0.001526	0.001526	0.001526	
0.266752	0.001526	0.001526	0.001526	0.001526	0.001526	0.001526	
0.280085	0.001526	0.001526	0.001526	0.001526	0.001526	0.001526	
0.293418	0.001526	0.001526	0.001526	0.001526	0.001526	0.001526	
0.306751	0.001526	0.001526	0.001526	0.001526	0.001526	0.001526	
0.320084	0.001587	0.001831	0.001526	0.001526	0.001526	0.001526	
0.333418	0.001831	0.001831	0.001831	0.001831	0.001831	0.001831	
0.346751	0.001831	0.001831	0.001831	0.001831	0.001831	0.001831	
0.360084	0.001831	0.001831	0.001831	0.001831	0.001831	0.001831	
0.373417	0.001831	0.001831	0.001831	0.001831	0.001831	0.001831	
0.386750	0.001953	0.001831	0.001831	0.001831	0.002136	0.002136	
0.400083	0.002136	0.002136	0.002136	0.002136	0.002136	0.002136	
0.413416	0.002136	0.002136	0.002136	0.002136	0.002136	0.002136	
0.426749	0.002136	0.002136	0.002136	0.002136	0.002136	0.002136	
0.440082	0.002197	0.002136	0.002136	0.002136	0.002441	0.002136	
0.453416	0.002441	0.002441	0.002441	0.002441	0.002441	0.002441	
0.466749	0.002441	0.002441	0.002441	0.002441	0.002441	0.002441	
0.480082	0.002441	0.002441	0.002441	0.002441	0.002441	0.002441	
0.493415	0.002503	0.002441	0.002747	0.002441	0.002441	0.002441	
0.506748	0.002747	0.002747	0.002747	0.002747	0.002747	0.002747	
0.520081	0.002747	0.002747	0.002747	0.002747	0.002747	0.002747	
0.533414	0.002747	0.002747	0.002747	0.002747	0.002747	0.002747	
0.546747	0.002747	0.002747	0.002747	0.002747	0.002747	0.002747	
0.560081	0.003052	0.003052	0.003052	0.003052	0.003052	0.003052	
0.573414	0.003052	0.003052	0.003052	0.003052	0.003052	0.003052	
0.586747	0.003113	0.003052	0.003357	0.003052	0.003052	0.003052	
0.600080	0.003296	0.003357	0.003357	0.003357	0.003357	0.003052	
0.613413	0.003357	0.003357	0.003357	0.003357	0.003357	0.003357	
0.626746	0.003357	0.003357	0.003357	0.003357	0.003357	0.003357	
0.640079	0.003540	0.003662	0.003662	0.003662	0.003357	0.003357	
0.653412	0.003662	0.003662	0.003662	0.003662	0.003662	0.003662	
0.666745	0.003662	0.003662	0.003662	0.003662	0.003662	0.003662	
0.680079	0.003906	0.003967	0.003967	0.003967	0.003967	0.003662	
0.693412	0.003967	0.003967	0.003967	0.003967	0.003967	0.003967	
0.706745	0.004151	0.004273	0.004273	0.004273	0.003967	0.003967	
0.720078	0.004273	0.004273	0.004273	0.004273	0.004273	0.004273	
0.733411	0.004517	0.004578	0.004578	0.004578	0.004578	0.004273	
0.746744	0.004578	0.004578	0.004578	0.004578	0.004578	0.004578	
0.760077	0.004700	0.004883	0.004883	0.004578	0.004578	0.004578	
0.773410	0.004883	0.004883	0.004883	0.004883	0.004883	0.004883	
0.786744	0.005005	0.005188	0.005188	0.004883	0.004883	0.004883	
0.800077	0.005249	0.005188	0.005493	0.005188	0.005188	0.005188	
0.813410	0.005371	0.005493	0.005493	0.005493	0.005188	0.005188	
0.826743	0.005493	0.005493	0.005493	0.005493	0.005493	0.005493	
0.840076	0.005737	0.005799	0.005799	0.005799	0.005493	0.005799	
0.853409	0.005921	0.006104	0.006104	0.005799	0.005799	0.005799	
0.866742	0.006043	0.006104	0.006104	0.006104	0.005799	0.006104	
0.880075	0.006165	0.006104	0.006409	0.006104	0.006104	0.006104	
0.893408	0.006409	0.006409	0.006409	0.006409	0.006409	0.006409	
0.906742	0.006531	0.006714	0.006409	0.006409	0.006714	0.006409	
0.920075	0.006836	0.007019	0.007019	0.006714	0.006714	0.006714	
0.933408	0.007080	0.007324	0.007324	0.007019	0.006714	0.007019	
0.946741	0.007141	0.007324	0.007324	0.007019	0.007019	0.007019	
0.960074	0.007324	0.007630	0.007324	0.007324	0.007324	0.007019	
0.973407	0.007569	0.007630	0.007630	0.007630	0.007630	0.007324	
0.986740	0.007752	0.007935	0.007935	0.007630	0.007630	0.007630	
1.000070	0.008057	0.008240	0.008240	0.007935	0.007935	0.007935	
1.013410	0.008362	0.008545	0.008545	0.008240	0.008240	0.008240	
1.026740	0.008362	0.008240	0.008545	0.008240	0.008545	0.008240	
1.040070	0.008545	0.008545	0.008545	0.008545	0.008545	0.008545	
1.053410	0.008850	0.008850	0.008850	0.008850	0.008850	0.008850	
1.066740	0.009033	0.008850	0.009156	0.009156	0.009156	0.008850	
1.080070	0.009278	0.009461	0.009461	0.009156	0.009156	0.009156	
1.093410	0.009461	0.009766	0.009461	0.009461	0.009461	0.009156	
1.106740	0.009705	0.009766	0.009766	0.009766	0.009766	0.009461	
1.120070	0.009949	0.009766	0.010071	0.010071	0.010071	0.009766	
1.133400	0.010315	0.010376	0.010376	0.010376	0.010376	0.010071	
1.146740	0.010620	0.010681	0.010987	0.010376	0.010376	0.010681	
1.160070	0.010743	0.010987	0.010987	0.010681	0.010376	0.010681	
1.173400	0.010926	0.010987	0.010987	0.010987	0.010987	0.010681	
1.186740	0.011170	0.011292	0.010987	0.011292	0.011292	0.010987	
1.200070	0.011536	0.011597	0.011292	0.011597	0.011597	0.011597	
1.213400	0.011841	0.011902	0.011902	0.011902	0.011597	0.011902	
1.226740	0.012085	0.012207	0.012513	0.011902	0.011902	0.011902	
1.240070	0.012268	0.012513	0.012513	0.012207	0.012207	0.011902	
1.253400	0.012452	0.012513	0.012513	0.012513	0.012513	0.012207	
1.266740	0.012818	0.012818	0.012818	0.012818	0.013123	0.012513	
1.280070	0.013123	0.013123	0.013428	0.013123	0.013123	0.012818	
1.293400	0.013428	0.013428	0.013733	0.013428	0.013123	0.013428	
1.306740	0.013672	0.013733	0.014039	0.013733	0.013428	0.013428	
1.320070	0.013794	0.013733	0.014039	0.014039	0.013733	0.013428	
1.333400	0.014222	0.014039	0.014344	0.014344	0.014344	0.014039	
1.346730	0.014649	0.014344	0.014954	0.014649	0.014649	0.014649	
1.360070	0.014954	0.014649	0.015259	0.015259	0.014649	0.014954	
1.373400	0.015381	0.014954	0.015870	0.015870	0.015259	0.014954	
1.386730	0.015564	0.015259	0.015870	0.015870	0.015870	0.014954	
1.400070	0.015931	0.015870	0.016175	0.016175	0.016480	0.014954	
1.413400	0.016175	0.015870	0.016480	0.016175	0.016480	0.015870	
1.426730	0.016480	0.016480	0.016480	0.016175	0.016785	0.016480	
1.440070	0.017029	0.017090	0.017396	0.017090	0.017090	0.016480	
1.453400	0.017212	0.017396	0.017396	0.017396	0.017090	0.016785	
1.466730	0.017518	0.017701	0.018006	0.017396	0.017701	0.016785	
1.480070	0.017884	0.018006	0.018311	0.017701	0.018006	0.017396	
1.493400	0.018311	0.018311	0.018616	0.018311	0.018006	0.018311	
1.506730	0.018860	0.018922	0.019227	0.018922	0.018616	0.018616	
1.520060	0.019227	0.019532	0.019837	0.019227	0.018922	0.018616	
1.533400	0.019532	0.019532	0.019837	0.019837	0.019227	0.019227	
1.546730	0.020142	0.020142	0.020447	0.020142	0.020142	0.019837	
1.560060	0.020569	0.020447	0.020753	0.020753	0.020447	0.020447	
1.573400	0.021058	0.021363	0.021363	0.021058	0.020447	0.021058	
1.586730	0.021607	0.022279	0.022279	0.021363	0.021058	0.021058	
1.600060	0.021851	0.022279	0.022584	0.021668	0.021668	0.021058	
1.613400	0.022401	0.022279	0.022889	0.022279	0.022584	0.021973	
1.626730	0.023011	0.023194	0.023499	0.022889	0.022889	0.022584	
1.640060	0.023560	0.023499	0.023804	0.023804	0.023499	0.023194	
1.653400	0.024110	0.024110	0.024720	0.024110	0.023804	0.023804	
1.666730	0.024476	0.024720	0.025025	0.024415	0.024720	0.023499	
1.680060	0.025147	0.025330	0.025941	0.025025	0.025330	0.024110	
1.693400	0.025697	0.025635	0.025941	0.025941	0.025941	0.025025	
1.706730	0.026490	0.026246	0.026856	0.026246	0.026856	0.026246	
1.720060	0.027467	0.027467	0.028077	0.027161	0.027467	0.027161	
1.733390	0.027894	0.028382	0.028687	0.027161	0.027772	0.027467	
1.746730	0.028504	0.028993	0.029298	0.028077	0.028993	0.027161	
1.760060	0.029420	0.029298	0.030213	0.029298	0.029908	0.028382	
1.773390	0.030396	0.030213	0.031129	0.030213	0.030519	0.029908	
1.786730	0.031129	0.030824	0.032044	0.031129	0.030824	0.030824	
1.800060	0.031922	0.032350	0.033265	0.031129	0.031434	0.031434	
1.813390	0.032472	0.032960	0.033875	0.031739	0.032350	0.031434	
1.826730	0.033326	0.033570	0.034181	0.033570	0.033265	0.032044	
1.840060	0.034120	0.033570	0.035096	0.034181	0.034181	0.033570	
1.853390	0.035524	0.035402	0.036317	0.034791	0.036012	0.035096	
1.866730	0.036195	0.036927	0.037233	0.035096	0.036317	0.035402	
1.880060	0.037049	0.037538	0.038453	0.036927	0.036622	0.035707	
1.893390	0.038026	0.038453	0.039674	0.038148	0.037538	0.036317	
1.906730	0.039247	0.039674	0.040284	0.038759	0.039674	0.037843	
1.920060	0.040468	0.040590	0.041505	0.040284	0.040590	0.039369	
1.933390	0.041627	0.042115	0.043336	0.041200	0.041505	0.039979	
1.946720	0.042726	0.043336	0.044252	0.042421	0.042421	0.041200	
1.960060	0.043580	0.044252	0.045167	0.043336	0.043642	0.041505	
1.973390	0.044313	0.043947	0.046083	0.043947	0.044862	0.042726	
1.986720	0.045961	0.045167	0.047304	0.046388	0.046388	0.044557	
1.999880	0.046144	0.046388	0.047304	0.046083	0.045778	0.045167	
1.986540	0.044801	0.045473	0.046083	0.043947	0.044862	0.043642	
1.973210	0.043641	0.044557	0.045778	0.042726	0.043336	0.041810	
1.959880	0.041932	0.042115	0.043642	0.041505	0.041810	0.040590	
1.946550	0.041627	0.041810	0.042726	0.041505	0.041810	0.040284	
1.933210	0.040590	0.040895	0.041810	0.040284	0.040590	0.039369	
1.919880	0.039735	0.039979	0.041200	0.039369	0.039674	0.038453	
1.906550	0.038514	0.038759	0.040284	0.037843	0.038759	0.036927	
1.893210	0.037355	0.037538	0.038453	0.036927	0.037843	0.036012	
1.879880	0.036256	0.036622	0.037538	0.036012	0.036622	0.034486	
1.866550	0.035585	0.035402	0.036622	0.035402	0.035707	0.034791	
1.853210	0.034547	0.034791	0.035402	0.034181	0.034486	0.033875	
1.839880	0.033570	0.033875	0.034181	0.032960	0.033570	0.033265	
1.826550	0.032289	0.032350	0.033265	0.031434	0.032655	0.031739	
1.813210	0.031495	0.032044	0.032350	0.030519	0.031739	0.030824	
1.799880	0.030702	0.031129	0.031434	0.029908	0.030824	0.030213	
1.786550	0.030091	0.030213	0.030824	0.029298	0.030519	0.029603	
1.773210	0.029481	0.029603	0.030213	0.028687	0.029603	0.029298	
1.759880	0.028565	0.028993	0.029603	0.027772	0.028687	0.027772	
1.746550	0.027650	0.027772	0.028687	0.027161	0.028077	0.026551	
1.733220	0.026978	0.027161	0.027467	0.026551	0.027161	0.026551	
1.719880	0.026429	0.026246	0.027161	0.025941	0.026856	0.025941	
1.706550	0.025574	0.025635	0.026246	0.024720	0.025941	0.025330	
1.693220	0.025025	0.025025	0.025635	0.024415	0.025330	0.024720	
1.679880	0.024354	0.024415	0.025330	0.023804	0.024720	0.023499	
1.666550	0.023927	0.023499	0.025025	0.023804	0.023804	0.023499	
1.653220	0.023316	0.022889	0.024110	0.023194	0.023499	0.022889	
1.639880	0.022889	0.022889	0.023804	0.022279	0.022889	0.022584	
1.626550	0.022217	0.022584	0.022889	0.021363	0.022584	0.021668	
1.613220	0.021424	0.021363	0.022279	0.021058	0.021363	0.021058	
1.599880	0.020997	0.021058	0.021668	0.020753	0.021058	0.020447	
1.586550	0.020631	0.020447	0.021058	0.020753	0.020447	0.020447	
1.573220	0.020142	0.020447	0.020447	0.019837	0.020142	0.019837	
1.559890	0.019837	0.020142	0.019837	0.019532	0.019837	0.019837	
1.546550	0.019227	0.019532	0.019837	0.018616	0.019227	0.018922	
1.533220	0.018738	0.019227	0.019227	0.018311	0.018616	0.018311	
1.519890	0.018372	0.018311	0.018922	0.018311	0.018006	0.018311	
1.506550	0.018128	0.018006	0.018616	0.018006	0.018006	0.018006	
1.493220	0.017762	0.017701	0.018006	0.017701	0.017701	0.017701	
1.479890	0.017212	0.017701	0.017090	0.017396	0.017090	0.016785	
1.466550	0.016724	0.016785	0.017090	0.016785	0.016480	0.016480	
1.453220	0.016541	0.016480	0.016785	0.016480	0.016480	0.016480	
1.439890	0.016236	0.016175	0.016480	0.016175	0.016175	0.016175	
1.426550	0.015931	0.015870	0.015870	0.015870	0.015870	0.016175	
1.413220	0.015442	0.015564	0.015564	0.015259	0.014954	0.015870	
1.399890	0.015015	0.015259	0.015259	0.014954	0.014954	0.014649	
1.386550	0.014710	0.014649	0.015259	0.014954	0.014344	0.014344	
1.373220	0.014588	0.014344	0.015259	0.014649	0.014344	0.014344	
1.359890	0.014283	0.014039	0.014649	0.014344	0.014344	0.014039	
1.346560	0.013916	0.014039	0.014039	0.014039	0.013733	0.013733	
1.333220	0.013489	0.013733	0.013733	0.013428	0.013428	0.013123	
1.319890	0.013306	0.013428	0.013733	0.013123	0.013123	0.013123	
1.306560	0.012940	0.012818	0.013123	0.013123	0.012818	0.012818	
1.293220	0.012879	0.012818	0.013123	0.012818	0.012818	0.012818	
1.279890	0.012574	0.012513	0.012818	0.012513	0.012513	0.012513	
1.266560	0.012207	0.012513	0.012207	0.012207	0.011902	0.012207	
1.253220	0.011963	0.012207	0.012207	0.012207	0.011597	0.011597	
1.239890	0.011780	0.011902	0.012207	0.011902	0.011292	0.011597	
1.226560	0.011475	0.011292	0.011902	0.011597	0.011292	0.011292	
1.213220	0.011292	0.011292	0.011597	0.010987	0.011292	0.011292	
1.199890	0.010926	0.010681	0.010987	0.010987	0.010987	0.010987	
1.186560	0.010743	0.010681	0.010987	0.010681	0.010681	0.010681	
1.173220	0.010437	0.010376	0.010681	0.010376	0.010376	0.010376	
1.159890	0.010193	0.010071	0.010376	0.010376	0.010071	0.010071	
1.146560	0.010071	0.010071	0.010376	0.010071	0.010071	0.009766	
1.133230	0.009766	0.009766	0.009766	0.009766	0.009766	0.009766	
1.119890	0.009644	0.009766	0.009766	0.009766	0.009461	0.009461	
1.106560	0.009339	0.009461	0.009461	0.009461	0.009156	0.009156	
1.093230	0.009156	0.009156	0.009461	0.009156	0.009156	0.008850	
1.079890	0.008911	0.008850	0.008850	0.009156	0.008850	0.008850	
1.066560	0.008606	0.008545	0.008545	0.008850	0.008545	0.008545	
1.053230	0.008423	0.008240	0.008545	0.008240	0.008545	0.008545	
1.039890	0.008240	0.008240	0.008240	0.008240	0.008240	0.008240	
1.026560	0.008057	0.007935	0.008240	0.008240	0.007935	0.007935	
1.013230	0.007874	0.007935	0.007935	0.007935	0.007630	0.007935	
0.999894	0.007691	0.007630	0.007935	0.007630	0.007630	0.007630	
0.986561	0.007385	0.007324	0.007630	0.007324	0.007324	0.007324	
0.973228	0.007141	0.007019	0.007324	0.007324	0.007019	0.007019	
0.959895	0.007019	0.007019	0.007019	0.007324	0.006714	0.007019	
0.946562	0.006836	0.006714	0.007019	0.007019	0.006714	0.006714	
0.933229	0.006592	0.006714	0.006714	0.006714	0.006409	0.006409	
0.919895	0.006470	0.006409	0.006714	0.006409	0.006409	0.006409	
0.906562	0.006165	0.006104	0.006409	0.006104	0.006104	0.006104	
0.893229	0.006043	0.006104	0.006104	0.006104	0.005799	0.006104	
0.879896	0.005860	0.005799	0.006104	0.005799	0.005799	0.005799	
0.866563	0.005737	0.005799	0.005799	0.005799	0.005493	0.005799	
0.853230	0.005493	0.005493	0.005493	0.005493	0.005493	0.005493	
0.839897	0.005310	0.005188	0.005493	0.005493	0.005188	0.005188	
0.826564	0.005188	0.005188	0.005188	0.005188	0.005188	0.005188	
0.813230	0.005127	0.005188	0.005188	0.005188	0.004883	0.005188	
0.799897	0.004883	0.004883	0.004883	0.004883	0.004883	0.004883	
0.786564	0.004700	0.004578	0.004883	0.004883	0.004578	0.004578	
0.773231	0.004578	0.004578	0.004578	0.004578	0.004578	0.004578	
0.759898	0.004395	0.004273	0.004578	0.004273	0.004273	0.004578	
0.746565	0.004334	0.004273	0.004578	0.004273	0.004273	0.004273	
0.733232	0.004273	0.004273	0.004273	0.004273	0.004273	0.004273	
0.719899	0.004028	0.003967	0.004273	0.003967	0.003967	0.003967	
0.706566	0.003967	0.003967	0.003967	0.003967	0.003967	0.003967	
0.693232	0.003784	0.003662	0.003967	0.003967	0.003662	0.003662	
0.679899	0.003662	0.003662	0.003662	0.003662	0.003662	0.003662	
0.666566	0.003601	0.003662	0.003662	0.003662	0.003357	0.003662	
0.653233	0.003418	0.003357	0.003662	0.003357	0.003357	0.003357	
0.639900	0.003357	0.003357	0.003357	0.003357	0.003357	0.003357	
0.626567	0.003235	0.003052	0.003357	0.003052	0.003357	0.003357	
0.613234	0.003113	0.003052	0.003357	0.003052	0.003052	0.003052	
0.599901	0.003052	0.003052	0.003052	0.003052	0.003052	0.003052	
0.586567	0.003052	0.003052	0.003052	0.003052	0.003052	0.003052	
0.573234	0.002869	0.003052	0.003052	0.002747	0.002747	0.002747	
0.559901	0.002747	0.002747	0.002747	0.002747	0.002747	0.002747	
0.546568	0.002747	0.002747	0.002747	0.002747	0.002747	0.002747	
0.533235	0.002747	0.002747	0.002747	0.002747	0.002747	0.002747	
0.519902	0.002564	0.002441	0.002747	0.002441	0.002441	0.002747	
0.506569	0.002441	0.002441	0.002441	0.002441	0.002441	0.002441	
0.493236	0.002441	0.002441	0.002441	0.002441	0.002441	0.002441	
0.479903	0.002441	0.002441	0.002441	0.002441	0.002441	0.002441	
0.466569	0.002319	0.002136	0.002441	0.002441	0.002136	0.002441	
0.453236	0.002136	0.002136	0.002136	0.002136	0.002136	0.002136	
0.439903	0.002136	0.002136	0.002136	0.002136	0.002136	0.002136	
0.426570	0.002136	0.002136	0.002136	0.002136	0.002136	0.002136	
0.413237	0.002075	0.002136	0.002136	0.001831	0.002136	0.002136	
0.399904	0.001953	0.002136	0.002136	0.001831	0.001831	0.001831	
0.386571	0.001831	0.001831	0.001831	0.001831	0.001831	0.001831	
0.373238	0.001831	0.001831	0.001831	0.001831	0.001831	0.001831	
0.359905	0.001831	0.001831	0.001831	0.001831	0.001831	0.001831	
0.346571	0.001831	0.001831	0.001831	0.001831	0.001831	0.001831	
0.333238	0.001587	0.001526	0.001526	0.001526	0.001831	0.001526	
0.319905	0.001526	0.001526	0.001526	0.001526	0.001526	0.001526	
0.306572	0.001526	0.001526	0.001526	0.001526	0.001526	0.001526	
0.293239	0.001526	0.001526	0.001526	0.001526	0.001526	0.001526	
0.279906	0.001526	0.001526	0.001526	0.001526	0.001526	0.001526	
0.266573	0.001465	0.001526	0.001526	0.001221	0.001526	0.001526	
0.253240	0.001404	0.001221	0.001221	0.001526	0.001526	0.001526	
0.239906	0.001221	0.001221	0.001221	0.001221	0.001221	0.001221	
0.226573	0.001221	0.001221	0.001221	0.001221	0.001221	0.001221	
0.213240	0.001221	0.001221	0.001221	0.001221	0.001221	0.001221	
0.199907	0.001221	0.001221	0.001221	0.001221	0.001221	0.001221	
0.186574	0.001221	0.001221	0.001221	0.001221	0.001221	0.001221	
0.173241	0.001221	0.001221	0.001221	0.001221	0.001221	0.001221	
0.159908	0.001221	0.001221	0.001221	0.001221	0.001221	0.001221	
0.146575	0.001221	0.001221	0.001221	0.001221	0.001221	0.001221	
0.133242	0.001221	0.001221	0.001221	0.001221	0.001221	0.001221	
0.119908	0.001221	0.001221	0.001221	0.001221	0.001221	0.001221	
0.106575	0.001221	0.001221	0.001221	0.001221	0.001221	0.001221	
0.093242	0.001221	0.001221	0.001221	0.001221	0.001221	0.001221	
0.079909	0.001221	0.001221	0.001221	0.001221	0.001221	0.001221	
0.066576	0.001221	0.001221	0.001221	0.001221	0.001221	0.001221	
0.053243	0.001221	0.001221	0.001221	0.001221	0.001221	0.001221	
0.039910	0.001221	0.001221	0.001221	0.001221	0.001221	0.001221	
0.026577	0.001160	0.001221	0.000916	0.001221	0.001221	0.001221	
0.013244	0.001221	0.001221	0.001221	0.001221	0.001221	0.001221	
-0.000090	0.001160	0.001221	0.001221	0.000916	0.001221	0.001221	
-0.013423	0.001160	0.000916	0.001221	0.001221	0.001221	0.001221	
-0.026756	0.001221	0.001221	0.001221	0.001221	0.001221	0.001221	
-0.040089	0.001160	0.001221	0.001221	0.000916	0.001221	0.001221	
-0.053422	0.001160	0.001221	0.001221	0.000916	0.001221	0.001221	
-0.066755	0.001160	0.001221	0.001221	0.000916	0.001221	0.001221	
-0.080088	0.001038	0.000916	0.001221	0.000916	0.001221	0.000916	
-0.093421	0.001038	0.000916	0.000916	0.001221	0.000916	0.001221	
-0.106755	0.000977	0.001221	0.000916	0.000916	0.000916	0.000916	
-0.120088	0.000916	0.000916	0.000916	0.000916	0.000916	0.000916	
-0.133421	0.000916	0.000916	0.000916	0.000916	0.000916	0.000916	
-0.146754	0.000916	0.000916	0.000916	0.000916	0.000916	0.000916	
-0.160087	0.000916	0.000916	0.000916	0.000916	0.000916	0.000916	
-0.173420	0.000916	0.000916	0.000916	0.000916	0.000916	0.000916	
-0.186753	0.000916	0.000916	0.000916	0.000916	0.000916	0.000916	
-0.200086	0.000916	0.000916	0.000916	0.000916	0.000916	0.000916	
-0.213419	0.000916	0.000916	0.000916	0.000916	0.000916	0.000916	
-0.226753	0.000916	0.000916	0.000916	0.000916	0.000916	0.000916	
-0.240086	0.000916	0.000916	0.000916	0.000916	0.000916	0.000916	
-0.253419	0.000855	0.000610	0.000916	0.000916	0.000916	0.000916	
-0.266752	0.000793	0.000916	0.000610	0.000916	0.000916	0.000610	
-0.280085	0.000610	0.000610	0.000610	0.000610	0.000610	0.000610	
-0.293418	0.000610	0.000610	0.000610	0.000610	0.000610	0.000610	
-0.306751	0.000610	0.000610	0.000610	0.000610	0.000610	0.000610	
-0.320084	0.000610	0.000610	0.000610	0.000610	0.000610	0.000610	
-0.333418	0.000549	0.000610	0.000610	0.000610	0.000305	0.000610	
-0.346751	0.000305	0.000305	0.000305	0.000305	0.000305	0.000305	
-0.360084	0.000305	0.000305	0.000305	0.000305	0.000305	0.000305	
-0.373417	0.000305	0.000305	0.000305	0.000305	0.000305	0.000305	
-0.386750	0.000000	0.000000	0.000000	0.000000	0.000000	0.000000	
-0.400083	0.000000	0.000000	0.000000	0.000000	0.000000	0.000000	
-0.413416	0.000000	0.000000	0.000000	0.000000	0.000000	0.000000	
-0.426749	0.000000	0.000000	0.000000	0.000000	0.000000	0.000000	
-0.440082	-0.000305	-0.000305	-0.000305	-0.000305	-0.000305	-0.000305	
-0.453416	-0.000427	-0.000610	-0.000610	-0.000305	-0.000305	-0.000305	
-0.466749	-0.000610	-0.000610	-0.000610	-0.000610	-0.000610	-0.000610	
-0.480082	-0.000916	-0.000916	-0.000916	-0.000916	-0.000916	-0.000916	
-0.493415	-0.000916	-0.000916	-0.000916	-0.000916	-0.000916	-0.000916	
-0.506748	-0.001221	-0.001221	-0.001221	-0.001221	-0.001221	-0.001221	
-0.520081	-0.001465	-0.001526	-0.001526	-0.001526	-0.001526	-0.001221	
-0.533414	-0.001587	-0.001526	-0.001831	-0.001526	-0.001526	-0.001526	
-0.546747	-0.001831	-0.001831	-0.001831	-0.001831	-0.001831	-0.001831	
-0.560081	-0.002136	-0.002136	-0.002136	-0.002136	-0.002136	-0.002136	
-0.573414	-0.002380	-0.002441	-0.002441	-0.002441	-0.002136	-0.002441	
-0.586747	-0.002564	-0.002747	-0.002747	-0.002441	-0.002441	-0.002441	
-0.600080	-0.002869	-0.003052	-0.003052	-0.002747	-0.002747	-0.002747	
-0.613413	-0.003113	-0.003052	-0.003357	-0.003052	-0.003052	-0.003052	
-0.626746	-0.003418	-0.003662	-0.003357	-0.003357	-0.003357	-0.003357	
-0.640079	-0.003723	-0.003967	-0.003662	-0.003662	-0.003662	-0.003662	
-0.653412	-0.003845	-0.003967	-0.003967	-0.003662	-0.003662	-0.003967	
-0.666745	-0.004151	-0.004273	-0.004273	-0.003967	-0.003967	-0.004273	
-0.680079	-0.004517	-0.004273	-0.004578	-0.004578	-0.004578	-0.004578	
-0.693412	-0.004883	-0.004883	-0.004883	-0.004883	-0.004883	-0.004883	
-0.706745	-0.005066	-0.005188	-0.005188	-0.004883	-0.004883	-0.005188	
-0.720078	-0.005310	-0.005493	-0.005493	-0.005188	-0.005188	-0.005188	
-0.733411	-0.005737	-0.005799	-0.005799	-0.005799	-0.005493	-0.005799	
-0.746744	-0.005921	-0.005799	-0.006104	-0.005799	-0.005799	-0.006104	
-0.760077	-0.006348	-0.006409	-0.006409	-0.006409	-0.006104	-0.006409	
-0.773410	-0.006653	-0.006714	-0.006714	-0.006714	-0.006409	-0.006714	
-0.786744	-0.007019	-0.007019	-0.007324	-0.007019	-0.006714	-0.007019	
-0.800077	-0.007324	-0.007324	-0.007630	-0.007324	-0.007019	-0.007324	
-0.813410	-0.007569	-0.007630	-0.007935	-0.007630	-0.007324	-0.007324	
-0.826743	-0.007996	-0.007935	-0.008240	-0.007935	-0.007935	-0.007935	
-0.840076	-0.008240	-0.008240	-0.008545	-0.008240	-0.007935	-0.008240	
-0.853409	-0.008545	-0.008850	-0.008850	-0.008240	-0.008240	-0.008545	
-0.866742	-0.008667	-0.008850	-0.009156	-0.008545	-0.008240	-0.008545	
-0.880075	-0.009095	-0.009156	-0.009461	-0.008850	-0.009156	-0.008850	
-0.893408	-0.009400	-0.009461	-0.009766	-0.009156	-0.009461	-0.009156	
-0.906742	-0.009583	-0.009461	-0.010071	-0.009461	-0.009461	-0.009461	
-0.920075	-0.009827	-0.010071	-0.010071	-0.009766	-0.009766	-0.009461	
-0.933408	-0.010071	-0.010071	-0.010681	-0.010071	-0.009766	-0.009766	
-0.946741	-0.010315	-0.010376	-0.010987	-0.010376	-0.010071	-0.009766	
-0.960074	-0.010498	-0.010376	-0.010987	-0.010681	-0.010376	-0.010071	
-0.973407	-0.010804	-0.010681	-0.011292	-0.010681	-0.010987	-0.010376	
-0.986740	-0.011048	-0.010987	-0.011292	-0.010987	-0.010987	-0.010987	
-1.000070	-0.011170	-0.011597	-0.011597	-0.010987	-0.010681	-0.010987	
-1.013410	-0.011475	-0.011597	-0.011902	-0.011597	-0.010987	-0.011292	
-1.026740	-0.011658	-0.011597	-0.012513	-0.011597	-0.011292	-0.011292	
-1.040070	-0.011902	-0.011902	-0.012513	-0.011902	-0.011597	-0.011597	
-1.053410	-0.012146	-0.012207	-0.012513	-0.012207	-0.011902	-0.011902	
-1.066740	-0.012268	-0.012207	-0.012207	-0.012818	-0.011902	-0.012207	
-1.080070	-0.012329	-0.012207	-0.012818	-0.012818	-0.011597	-0.012207	
-1.093410	-0.012513	-0.012513	-0.013123	-0.012818	-0.011902	-0.012207	
-1.106740	-0.012757	-0.012818	-0.013123	-0.013123	-0.012207	-0.012513	
-1.120070	-0.013123	-0.013123	-0.013428	-0.013428	-0.012513	-0.013123	
-1.133400	-0.013184	-0.013428	-0.013428	-0.013428	-0.012513	-0.013123	
-1.146740	-0.013306	-0.013733	-0.013733	-0.013428	-0.012513	-0.013123	
-1.160070	-0.013367	-0.013733	-0.014039	-0.013733	-0.012513	-0.012818	
-1.173400	-0.013672	-0.014039	-0.014344	-0.013733	-0.012818	-0.013428	
-1.186740	-0.013916	-0.014039	-0.014649	-0.014039	-0.013123	-0.013733	
-1.200070	-0.013977	-0.014039	-0.014954	-0.014039	-0.013123	-0.013733	
-1.213400	-0.013977	-0.014649	-0.014649	-0.014039	-0.012818	-0.013733	
-1.226740	-0.014161	-0.014649	-0.014954	-0.014344	-0.013123	-0.013733	
-1.240070	-0.014466	-0.014954	-0.015259	-0.014649	-0.013428	-0.014039	
-1.253400	-0.014710	-0.014954	-0.015564	-0.014954	-0.013733	-0.014344	
-1.266740	-0.014649	-0.014649	-0.015564	-0.014954	-0.013733	-0.014344	
-1.280070	-0.014771	-0.015259	-0.015564	-0.014954	-0.013733	-0.014344	
-1.293400	-0.015198	-0.015870	-0.015870	-0.015259	-0.014344	-0.014649	
-1.306740	-0.015076	-0.015870	-0.015870	-0.015259	-0.013733	-0.014649	
-1.320070	-0.015320	-0.016480	-0.015870	-0.015564	-0.014039	-0.014649	
-1.333400	-0.015503	-0.016480	-0.016175	-0.015564	-0.014344	-0.014954	
-1.346730	-0.015625	-0.016175	-0.016175	-0.015870	-0.014649	-0.015259	
-1.360070	-0.015564	-0.016480	-0.016175	-0.015564	-0.014344	-0.015259	
-1.373400	-0.015687	-0.016480	-0.016480	-0.015870	-0.014344	-0.015259	
-1.386730	-0.016114	-0.016480	-0.017090	-0.016480	-0.014649	-0.015870	
-1.400070	-0.016419	-0.017090	-0.016785	-0.016785	-0.015259	-0.016175	
-1.413400	-0.016358	-0.016785	-0.017090	-0.016785	-0.014954	-0.016175	
-1.426730	-0.016602	-0.017396	-0.017701	-0.016785	-0.014954	-0.016175	
-1.440070	-0.016541	-0.017090	-0.017396	-0.016785	-0.015259	-0.016175	
-1.453400	-0.017029	-0.018006	-0.017701	-0.017090	-0.015564	-0.016785	
-1.466730	-0.017335	-0.018311	-0.018006	-0.017396	-0.015870	-0.017090	
-1.480070	-0.017701	-0.018311	-0.018311	-0.018311	-0.016175	-0.017396	
-1.493400	-0.017640	-0.018311	-0.018616	-0.018006	-0.015870	-0.017396	
-1.506730	-0.017945	-0.018616	-0.019227	-0.018006	-0.016175	-0.017701	
-1.520060	-0.018311	-0.018922	-0.019532	-0.018311	-0.016785	-0.018006	
-1.533400	-0.018738	-0.019532	-0.019837	-0.018616	-0.017396	-0.018311	
-1.546730	-0.019166	-0.019532	-0.019837	-0.019227	-0.018311	-0.018922	
-1.560060	-0.019410	-0.019837	-0.020447	-0.019227	-0.018311	-0.019227	
-1.573400	-0.019715	-0.020142	-0.020753	-0.019532	-0.018616	-0.019532	
-1.586730	-0.019959	-0.020447	-0.021363	-0.020142	-0.018006	-0.019837	
-1.600060	-0.020814	-0.021363	-0.021973	-0.021363	-0.018616	-0.020753	
-1.613400	-0.021241	-0.021668	-0.022279	-0.021973	-0.019227	-0.021058	
-1.626730	-0.021668	-0.021973	-0.022584	-0.022584	-0.019837	-0.021363	
-1.640060	-0.021851	-0.022279	-0.022889	-0.022584	-0.019837	-0.021668	
-1.653400	-0.022584	-0.023194	-0.024110	-0.023194	-0.020142	-0.022279	
-1.666730	-0.023377	-0.024110	-0.024415	-0.024110	-0.021058	-0.023194	
-1.680060	-0.024110	-0.024720	-0.025330	-0.024720	-0.021973	-0.023804	
-1.693400	-0.024964	-0.025635	-0.025941	-0.025941	-0.022584	-0.024720	
-1.706730	-0.026002	-0.026246	-0.027161	-0.026856	-0.023499	-0.026246	
-1.720060	-0.027039	-0.027467	-0.028382	-0.027772	-0.024415	-0.027161	
-1.733390	-0.028016	-0.028687	-0.029298	-0.028382	-0.025635	-0.028077	
-1.746730	-0.029359	-0.029908	-0.030824	-0.030213	-0.026856	-0.028993	
-1.760060	-0.030519	-0.031434	-0.031739	-0.031129	-0.028077	-0.030213	
-1.773390	-0.031739	-0.032044	-0.033570	-0.032350	-0.029298	-0.031434	
-1.786730	-0.032838	-0.032960	-0.034791	-0.033570	-0.029908	-0.032960	
-1.800060	-0.034303	-0.035096	-0.035707	-0.035402	-0.031129	-0.034181	
-1.813390	-0.036073	-0.037233	-0.036927	-0.037538	-0.032655	-0.036012	
-1.826730	-0.037904	-0.038148	-0.039064	-0.039674	-0.034791	-0.037843	
-1.840060	-0.039552	-0.039979	-0.040895	-0.040590	-0.037233	-0.039064	
-1.853390	-0.040712	-0.041200	-0.042421	-0.041505	-0.038148	-0.040284	
-1.866730	-0.042482	-0.043031	-0.044862	-0.043336	-0.038759	-0.042421	
-1.880060	-0.044252	-0.044557	-0.046388	-0.045778	-0.040590	-0.043947	
-1.893390	-0.046266	-0.046693	-0.047609	-0.048524	-0.042726	-0.045778	
-1.906730	-0.047121	-0.047914	-0.049745	-0.048524	-0.043031	-0.046388	
-1.920060	-0.048463	-0.048830	-0.050966	-0.049745	-0.044557	-0.048219	
-1.933390	-0.050233	-0.049745	-0.053407	-0.051271	-0.046388	-0.050356	
-1.946720	-0.051943	-0.051576	-0.054628	-0.053102	-0.048219	-0.052187	
-1.960060	-0.053896	-0.054933	-0.055544	-0.055849	-0.049440	-0.053713	
-1.973390	-0.056093	-0.058290	-0.057375	-0.058290	-0.051271	-0.055239	
-1.986720	-0.057314	-0.057985	-0.060427	-0.058901	-0.052797	-0.056459	
